2227
4845
3229
7797
1894
6747
1635
6191
3744
7655
3702
3450
4100
3857
3332
4247
5101
4006
2456
1619
5256
2187
3574
3235
3885
1924
2354
3249
4037
3460
3071
3414
4873
3118
3699
3952
4839
3050
2060
3918
3186
3407
5493
4289
4195
4631
2958
3561
4067
4121
4607
2912
3991
3803
2540
3092
3344
2965
947
3758
4880
4157
4587
4111
2103
5454
3230
5527
895
4462
4874
4404
5237
4963
5820
2532
5549
1962
7220
2747
4182
3767
2973
2539
2477
4920
2420
6038
5092
5556
3836
5114
5398
4567
3198
3963
2523
3802
4110
2509
3487
4692
4388
3645
3607
3215
3551
2020
1008
3154
2559
4039
4755
5380
3598
3800
3684
4452
6255
4084
3979
3354
3500
3524
3979
5904
4227
2270
5126
1772
4739
2992
4541
4559
4229
3646
4908
2906
3412
1499
